# This file may be used to create an environment using:
# $ conda create --name <env> --file <this file>
# platform: win-64
# created-by: conda 24.11.3
bzip2=1.0.8=h2bbff1b_6
ca-certificates=2025.9.9=haa95532_0
certifi=2025.10.5=pypi_0
charset-normalizer=3.4.4=pypi_0
colorama=0.4.6=pypi_0
contourpy=1.3.2=pypi_0
cycler=0.12.1=pypi_0
expat=2.7.1=h8ddb27b_0
filelock=3.20.0=pypi_0
fonttools=4.60.1=pypi_0
fsspec=2025.10.0=pypi_0
idna=3.11=pypi_0
jinja2=3.1.6=pypi_0
kiwisolver=1.4.9=pypi_0
libffi=3.4.4=hd77b12b_1
libzlib=1.3.1=h02ab6af_0
markupsafe=3.0.3=pypi_0
matplotlib=3.10.7=pypi_0
mpmath=1.3.0=pypi_0
networkx=3.4.2=pypi_0
numpy=2.2.6=pypi_0
opencv-python=4.12.0.88=pypi_0
openssl=3.0.18=h543e019_0
packaging=25.0=pypi_0
pillow=12.0.0=pypi_0
pip=25.2=pyhc872135_1
polars=1.35.1=pypi_0
polars-runtime-32=1.35.1=pypi_0
psutil=7.1.3=pypi_0
pyparsing=3.2.5=pypi_0
python=3.10.19=h981015d_0
python-dateutil=2.9.0.post0=pypi_0
pyyaml=6.0.3=pypi_0
requests=2.32.5=pypi_0
scipy=1.15.3=pypi_0
setuptools=80.9.0=py310haa95532_0
six=1.17.0=pypi_0
sqlite=3.50.2=hda9a48d_1
sympy=1.13.1=pypi_0
tk=8.6.15=hf199647_0
torch=2.5.1+cu121=pypi_0
torchaudio=2.5.1+cu121=pypi_0
torchvision=0.20.1+cu121=pypi_0
tqdm=4.67.1=pypi_0
typing-extensions=4.15.0=pypi_0
tzdata=2025b=h04d1e81_0
ucrt=10.0.22621.0=haa95532_0
ultralytics=8.3.223=pypi_0
ultralytics-thop=2.0.18=pypi_0
urllib3=2.5.0=pypi_0
vc=14.3=h2df5915_10
vc14_runtime=14.44.35208=h4927774_10
vs2015_runtime=14.44.35208=ha6b5a95_10
wheel=0.45.1=py310haa95532_0
xz=5.6.4=h4754444_1
zlib=1.3.1=h02ab6af_0
